,time,activep
0,2022-02-11 23:59:33,7.4
1,2022-02-11 23:58:31,6.6
2,2022-02-11 23:57:30,6.1
3,2022-02-11 23:56:29,8.7
4,2022-02-11 23:55:27,9.2
5,2022-02-11 23:54:26,9.2
6,2022-02-11 23:53:24,9.4
7,2022-02-11 23:52:23,9.4
8,2022-02-11 23:51:21,8.3
9,2022-02-11 23:50:20,7.5
10,2022-02-11 23:49:19,7.4
11,2022-02-11 23:48:17,7.5
12,2022-02-11 23:47:16,9.4
13,2022-02-11 23:46:14,9.5
14,2022-02-11 23:45:13,8.7
15,2022-02-11 23:44:12,11.0
16,2022-02-11 23:43:10,10.8
17,2022-02-11 23:42:09,10.8
18,2022-02-11 23:41:07,10.8
19,2022-02-11 23:40:06,11.6
20,2022-02-11 23:39:04,11.6
21,2022-02-11 23:38:03,10.7
22,2022-02-11 23:37:02,9.8
23,2022-02-11 23:36:00,9.8
24,2022-02-11 23:34:59,9.8
25,2022-02-11 23:33:57,11.7
26,2022-02-11 23:32:56,11.8
27,2022-02-11 23:31:55,10.9
28,2022-02-11 23:30:53,10.7
29,2022-02-11 23:29:52,10.6
30,2022-02-11 23:28:48,10.6
31,2022-02-11 23:27:46,10.5
32,2022-02-11 23:26:45,11.2
33,2022-02-11 23:25:44,11.2
34,2022-02-11 23:24:42,12.0
35,2022-02-11 23:23:41,11.1
36,2022-02-11 23:22:39,10.5
37,2022-02-11 23:21:38,10.5
38,2022-02-11 23:20:36,10.6
39,2022-02-11 23:19:35,8.4
40,2022-02-11 23:18:34,12.7
41,2022-02-11 23:17:32,12.4
42,2022-02-11 23:16:31,13.7
43,2022-02-11 23:15:29,13.8
44,2022-02-11 23:14:28,13.4
45,2022-02-11 23:13:27,15.4
46,2022-02-11 23:12:25,15.5
47,2022-02-11 23:11:24,16.4
48,2022-02-11 23:10:22,14.7
49,2022-02-11 23:09:18,14.8
50,2022-02-11 23:08:17,14.9
51,2022-02-11 23:07:16,14.7
52,2022-02-11 23:06:14,15.4
53,2022-02-11 23:05:13,12.1
54,2022-02-11 23:04:11,13.0
55,2022-02-11 23:03:10,12.9
56,2022-02-11 23:02:09,11.0
57,2022-02-11 23:01:07,12.9
58,2022-02-11 23:00:06,11.4
59,2022-02-11 22:59:04,11.4
60,2022-02-11 22:58:03,11.5
61,2022-02-11 22:57:01,11.5
62,2022-02-11 22:56:00,13.0
63,2022-02-11 22:54:59,12.9
64,2022-02-11 22:53:57,12.9
65,2022-02-11 22:52:56,12.9
66,2022-02-11 22:51:54,12.8
67,2022-02-11 22:50:53,12.8
68,2022-02-11 22:49:52,10.6
69,2022-02-11 22:48:50,10.7
70,2022-02-11 22:47:49,10.8
71,2022-02-11 22:46:47,11.3
72,2022-02-11 22:45:46,11.7
73,2022-02-11 22:44:44,14.0
74,2022-02-11 22:43:43,14.0
75,2022-02-11 22:42:42,15.2
76,2022-02-11 22:41:40,17.3
77,2022-02-11 22:40:39,17.3
78,2022-02-11 22:39:37,17.3
79,2022-02-11 22:38:33,17.4
80,2022-02-11 22:37:32,17.4
81,2022-02-11 22:36:31,17.4
82,2022-02-11 22:35:29,19.0
83,2022-02-11 22:34:28,17.4
84,2022-02-11 22:33:26,16.7
85,2022-02-11 22:32:25,16.5
86,2022-02-11 22:31:24,15.9
87,2022-02-11 22:30:22,15.9
88,2022-02-11 22:29:21,15.9
89,2022-02-11 22:28:19,15.9
90,2022-02-11 22:27:18,16.0
91,2022-02-11 22:26:17,13.7
92,2022-02-11 22:25:15,15.3
93,2022-02-11 22:24:14,13.7
94,2022-02-11 22:23:12,13.6
95,2022-02-11 22:22:11,13.5
96,2022-02-11 22:21:09,14.1
97,2022-02-11 22:20:08,14.1
98,2022-02-11 22:19:04,13.6
99,2022-02-11 22:18:03,12.4
100,2022-02-11 22:17:01,12.6
101,2022-02-11 22:16:00,12.6
102,2022-02-11 22:14:58,14.0
103,2022-02-11 22:13:57,12.4
104,2022-02-11 22:12:56,12.3
105,2022-02-11 22:11:54,12.3
106,2022-02-11 22:10:53,12.8
107,2022-02-11 22:09:51,11.3
108,2022-02-11 22:08:50,11.3
109,2022-02-11 22:07:49,10.5
110,2022-02-11 22:06:47,10.4
111,2022-02-11 22:05:46,10.5
112,2022-02-11 22:04:44,10.5
113,2022-02-11 22:03:43,12.0
114,2022-02-11 22:02:41,12.2
115,2022-02-11 22:01:40,10.7
116,2022-02-11 22:00:39,13.3
117,2022-02-11 21:59:37,13.1
118,2022-02-11 21:58:36,13.2
119,2022-02-11 21:57:34,13.0
120,2022-02-11 21:56:33,13.0
121,2022-02-11 21:55:32,13.0
122,2022-02-11 21:54:30,13.1
123,2022-02-11 21:53:29,13.3
124,2022-02-11 21:52:27,13.3
125,2022-02-11 21:51:26,13.3
126,2022-02-11 21:50:24,13.9
127,2022-02-11 21:49:23,14.5
128,2022-02-11 21:48:22,14.1
129,2022-02-11 21:47:20,13.3
130,2022-02-11 21:46:19,16.3
131,2022-02-11 21:45:17,14.7
132,2022-02-11 21:44:16,14.7
133,2022-02-11 21:43:15,14.5
134,2022-02-11 21:42:13,14.7
135,2022-02-11 21:41:12,14.7
136,2022-02-11 21:40:10,13.3
137,2022-02-11 21:39:09,13.3
138,2022-02-11 21:38:07,13.3
139,2022-02-11 21:37:06,13.3
140,2022-02-11 21:36:05,13.3
141,2022-02-11 21:35:03,13.3
142,2022-02-11 21:34:02,14.8
143,2022-02-11 21:33:00,13.3
144,2022-02-11 21:31:59,13.0
145,2022-02-11 21:30:58,13.6
146,2022-02-11 21:29:56,15.2
147,2022-02-11 21:28:55,15.0
148,2022-02-11 21:27:53,14.9
149,2022-02-11 21:26:52,14.3
150,2022-02-11 21:25:50,13.9
151,2022-02-11 21:24:47,13.6
152,2022-02-11 21:23:45,14.4
153,2022-02-11 21:22:44,13.8
154,2022-02-11 21:21:42,11.0
155,2022-02-11 21:20:41,12.1
156,2022-02-11 21:19:39,15.2
157,2022-02-11 21:18:38,14.3
158,2022-02-11 21:17:37,14.3
159,2022-02-11 21:16:35,13.7
160,2022-02-11 21:15:34,14.2
161,2022-02-11 21:14:32,13.5
162,2022-02-11 21:13:31,13.1
163,2022-02-11 21:12:30,13.0
164,2022-02-11 21:11:28,16.1
165,2022-02-11 21:10:27,16.1
166,2022-02-11 21:09:25,16.2
167,2022-02-11 21:08:24,16.8
168,2022-02-11 21:07:22,16.8
169,2022-02-11 21:06:21,16.2
170,2022-02-11 21:05:20,16.0
171,2022-02-11 21:04:18,16.0
172,2022-02-11 21:03:17,16.0
173,2022-02-11 21:02:15,15.8
174,2022-02-11 21:01:14,15.9
175,2022-02-11 21:00:13,15.5
176,2022-02-11 20:59:11,15.5
177,2022-02-11 20:58:10,15.5
178,2022-02-11 20:57:08,15.5
179,2022-02-11 20:56:07,15.6
180,2022-02-11 20:55:06,15.7
181,2022-02-11 20:54:04,15.9
182,2022-02-11 20:53:03,15.8
183,2022-02-11 20:52:01,15.9
184,2022-02-11 20:51:00,14.4
185,2022-02-11 20:49:58,14.4
186,2022-02-11 20:48:57,15.8
187,2022-02-11 20:47:56,15.8
188,2022-02-11 20:46:54,18.0
189,2022-02-11 20:45:53,18.0
190,2022-02-11 20:44:51,17.5
191,2022-02-11 20:43:50,15.7
192,2022-02-11 20:42:49,15.8
193,2022-02-11 20:41:47,14.5
194,2022-02-11 20:40:46,15.1
195,2022-02-11 20:39:44,15.1
196,2022-02-11 20:38:43,15.1
197,2022-02-11 20:37:41,15.0
198,2022-02-11 20:36:40,15.0
199,2022-02-11 20:35:39,15.1
200,2022-02-11 20:34:37,16.8
201,2022-02-11 20:33:36,16.9
202,2022-02-11 20:32:34,16.7
203,2022-02-11 20:31:33,16.7
204,2022-02-11 20:30:32,15.0
205,2022-02-11 20:29:30,15.0
206,2022-02-11 20:28:26,15.0
207,2022-02-11 20:27:25,15.0
208,2022-02-11 20:26:23,15.1
209,2022-02-11 20:25:22,15.7
210,2022-02-11 20:24:21,15.8
211,2022-02-11 20:23:19,15.8
212,2022-02-11 20:22:18,15.2
213,2022-02-11 20:21:16,15.0
214,2022-02-11 20:20:15,16.5
215,2022-02-11 20:19:13,16.5
216,2022-02-11 20:18:12,15.0
217,2022-02-11 20:17:11,15.0
218,2022-02-11 20:16:09,17.1
219,2022-02-11 20:15:08,17.2
220,2022-02-11 20:14:06,16.6
221,2022-02-11 20:13:05,15.0
222,2022-02-11 20:12:04,14.9
223,2022-02-11 20:11:02,14.8
224,2022-02-11 20:10:01,14.8
225,2022-02-11 20:08:57,14.8
226,2022-02-11 20:07:55,14.8
227,2022-02-11 20:06:54,14.8
228,2022-02-11 20:05:53,14.7
229,2022-02-11 20:04:51,16.3
230,2022-02-11 20:03:50,16.3
231,2022-02-11 20:02:48,17.7
232,2022-02-11 20:01:47,17.3
233,2022-02-11 20:00:45,15.5
234,2022-02-11 19:59:44,15.3
235,2022-02-11 19:58:43,19.1
236,2022-02-11 19:57:41,19.4
237,2022-02-11 19:56:40,19.2
238,2022-02-11 19:55:38,16.9
239,2022-02-11 19:54:37,17.9
240,2022-02-11 19:53:36,18.0
241,2022-02-11 19:52:34,18.4
242,2022-02-11 19:51:33,16.8
243,2022-02-11 19:50:31,17.5
244,2022-02-11 19:49:30,17.4
245,2022-02-11 19:48:29,15.8
246,2022-02-11 19:47:27,15.6
247,2022-02-11 19:46:26,15.3
248,2022-02-11 19:45:24,16.5
249,2022-02-11 19:44:23,16.5
250,2022-02-11 19:43:21,15.1
251,2022-02-11 19:42:20,14.1
252,2022-02-11 19:41:19,14.0
253,2022-02-11 19:40:17,12.0
254,2022-02-11 19:39:13,12.0
255,2022-02-11 19:38:12,11.6
256,2022-02-11 19:37:10,11.7
257,2022-02-11 19:36:09,11.6
258,2022-02-11 19:35:08,11.6
259,2022-02-11 19:34:06,11.6
260,2022-02-11 19:33:05,11.5
261,2022-02-11 19:32:03,11.5
262,2022-02-11 19:31:02,11.5
263,2022-02-11 19:30:01,11.5
264,2022-02-11 19:28:59,11.5
265,2022-02-11 19:27:58,11.5
266,2022-02-11 19:26:56,11.4
267,2022-02-11 19:25:55,11.4
268,2022-02-11 19:24:53,11.4
269,2022-02-11 19:23:52,11.4
270,2022-02-11 19:22:51,11.4
271,2022-02-11 19:21:49,11.4
272,2022-02-11 19:20:48,11.4
273,2022-02-11 19:19:46,11.4
274,2022-02-11 19:18:45,11.3
275,2022-02-11 19:17:44,11.4
276,2022-02-11 19:16:42,13.6
277,2022-02-11 19:15:41,13.6
278,2022-02-11 19:14:39,14.1
279,2022-02-11 19:13:38,14.1
280,2022-02-11 19:12:36,13.4
281,2022-02-11 19:11:35,13.4
282,2022-02-11 19:10:34,13.3
283,2022-02-11 19:09:32,11.1
284,2022-02-11 19:08:31,11.7
285,2022-02-11 19:07:29,11.7
286,2022-02-11 19:06:28,11.7
287,2022-02-11 19:05:27,11.8
288,2022-02-11 19:04:25,13.2
289,2022-02-11 19:03:24,13.2
290,2022-02-11 19:02:22,13.2
291,2022-02-11 19:01:21,13.2
292,2022-02-11 19:00:19,13.8
293,2022-02-11 18:59:18,13.9
294,2022-02-11 18:58:17,13.0
295,2022-02-11 18:57:15,12.9
296,2022-02-11 18:56:14,12.9
297,2022-02-11 18:55:12,12.8
298,2022-02-11 18:54:11,12.9
299,2022-02-11 18:53:10,12.7
300,2022-02-11 18:52:08,12.6
301,2022-02-11 18:51:07,12.4
302,2022-02-11 18:50:05,12.1
303,2022-02-11 18:49:04,11.6
304,2022-02-11 18:48:02,11.1
305,2022-02-11 18:47:01,11.0
306,2022-02-11 18:46:00,11.2
307,2022-02-11 18:44:58,9.0
308,2022-02-11 18:43:57,8.7
309,2022-02-11 18:42:55,9.0
310,2022-02-11 18:41:54,8.9
311,2022-02-11 18:40:53,8.4
312,2022-02-11 18:39:51,8.5
313,2022-02-11 18:38:50,8.5
314,2022-02-11 18:37:48,8.5
315,2022-02-11 18:36:47,8.6
316,2022-02-11 18:35:45,8.6
317,2022-02-11 18:34:44,8.5
318,2022-02-11 18:33:43,9.1
319,2022-02-11 18:32:41,9.1
320,2022-02-11 18:31:40,9.1
321,2022-02-11 18:30:38,9.2
322,2022-02-11 18:29:37,9.2
323,2022-02-11 18:28:36,9.3
324,2022-02-11 18:27:34,9.2
325,2022-02-11 18:26:33,9.3
326,2022-02-11 18:25:31,9.2
327,2022-02-11 18:24:30,9.2
328,2022-02-11 18:23:28,9.4
329,2022-02-11 18:22:27,9.2
330,2022-02-11 18:21:26,9.2
331,2022-02-11 18:20:24,9.2
332,2022-02-11 18:19:23,9.2
333,2022-02-11 18:18:21,9.6
334,2022-02-11 18:17:20,9.5
335,2022-02-11 18:16:19,8.8
336,2022-02-11 18:15:17,8.2
337,2022-02-11 18:14:16,8.3
338,2022-02-11 18:13:14,8.3
339,2022-02-11 18:12:13,9.5
340,2022-02-11 18:11:11,9.6
341,2022-02-11 18:10:10,9.0
342,2022-02-11 18:09:06,8.9
343,2022-02-11 18:08:05,7.5
344,2022-02-11 18:07:03,9.2
345,2022-02-11 18:06:02,9.0
346,2022-02-11 18:05:00,10.5
347,2022-02-11 18:03:59,10.4
348,2022-02-11 18:02:58,10.3
349,2022-02-11 18:01:56,10.2
350,2022-02-11 18:00:55,9.4
351,2022-02-11 17:59:53,10.2
352,2022-02-11 17:58:52,10.2
353,2022-02-11 17:57:51,10.2
354,2022-02-11 17:56:49,10.1
355,2022-02-11 17:55:48,9.9
356,2022-02-11 17:54:46,10.0
357,2022-02-11 17:53:45,9.9
358,2022-02-11 17:52:43,9.7
359,2022-02-11 17:51:42,9.6
360,2022-02-11 17:50:41,9.4
361,2022-02-11 17:49:39,8.7
362,2022-02-11 17:48:35,8.4
363,2022-02-11 17:47:34,8.1
364,2022-02-11 17:46:32,7.9
365,2022-02-11 17:45:31,7.5
366,2022-02-11 17:44:30,6.9
367,2022-02-11 17:43:28,6.5
368,2022-02-11 17:42:27,7.1
369,2022-02-11 17:41:25,7.2
370,2022-02-11 17:40:24,6.7
371,2022-02-11 17:39:23,6.7
372,2022-02-11 17:38:21,7.2
373,2022-02-11 17:37:20,7.3
374,2022-02-11 17:36:18,7.3
375,2022-02-11 17:35:17,7.2
376,2022-02-11 17:34:15,6.7
377,2022-02-11 17:33:14,10.1
378,2022-02-11 17:32:13,10.0
379,2022-02-11 17:31:11,10.0
380,2022-02-11 17:30:10,10.0
381,2022-02-11 17:29:08,10.0
382,2022-02-11 17:28:07,10.1
383,2022-02-11 17:27:06,10.1
384,2022-02-11 17:26:04,10.1
385,2022-02-11 17:25:03,13.3
386,2022-02-11 17:24:01,13.2
387,2022-02-11 17:23:00,13.3
388,2022-02-11 17:21:58,13.2
389,2022-02-11 17:20:55,14.1
390,2022-02-11 17:19:53,13.4
391,2022-02-11 17:18:52,13.4
392,2022-02-11 17:17:50,13.5
393,2022-02-11 17:16:49,19.1
394,2022-02-11 17:15:48,19.2
395,2022-02-11 17:14:46,19.0
396,2022-02-11 17:13:45,19.1
397,2022-02-11 17:12:43,18.9
398,2022-02-11 17:11:42,21.6
399,2022-02-11 17:10:41,21.4
400,2022-02-11 17:09:39,19.2
401,2022-02-11 17:08:38,19.3
402,2022-02-11 17:07:36,19.7
403,2022-02-11 17:06:35,14.3
404,2022-02-11 17:05:33,14.5
405,2022-02-11 17:04:32,14.4
406,2022-02-11 17:03:31,17.7
407,2022-02-11 17:02:29,18.9
408,2022-02-11 17:01:28,21.5
409,2022-02-11 17:00:26,22.4
410,2022-02-11 16:59:22,22.5
411,2022-02-11 16:58:21,25.4
412,2022-02-11 16:57:20,29.3
413,2022-02-11 16:56:18,30.1
414,2022-02-11 16:55:17,30.5
415,2022-02-11 16:54:15,30.0
416,2022-02-11 16:53:14,30.7
417,2022-02-11 16:52:13,33.1
418,2022-02-11 16:51:11,33.5
419,2022-02-11 16:50:10,35.1
420,2022-02-11 16:49:08,34.0
421,2022-02-11 16:48:07,35.7
422,2022-02-11 16:47:05,37.1
423,2022-02-11 16:46:04,38.2
424,2022-02-11 16:45:03,40.0
425,2022-02-11 16:44:01,41.2
426,2022-02-11 16:43:00,42.1
427,2022-02-11 16:41:58,41.7
428,2022-02-11 16:40:57,40.4
429,2022-02-11 16:39:56,39.7
430,2022-02-11 16:38:52,39.4
431,2022-02-11 16:37:50,38.5
432,2022-02-11 16:36:49,45.6
433,2022-02-11 16:35:47,46.5
434,2022-02-11 16:34:46,46.4
435,2022-02-11 16:33:45,46.1
436,2022-02-11 16:32:43,45.4
437,2022-02-11 16:31:42,52.6
438,2022-02-11 16:30:40,51.4
439,2022-02-11 16:29:39,79.4
440,2022-02-11 16:28:37,78.0
441,2022-02-11 16:27:36,78.0
442,2022-02-11 16:26:35,111.7
443,2022-02-11 16:25:33,103.2
444,2022-02-11 16:24:32,117.9
445,2022-02-11 16:23:30,121.8
446,2022-02-11 16:22:29,136.3
447,2022-02-11 16:21:28,129.5
448,2022-02-11 16:20:26,122.8
449,2022-02-11 16:19:22,129.8
450,2022-02-11 16:18:21,131.7
451,2022-02-11 16:17:19,118.5
452,2022-02-11 16:16:18,126.6
453,2022-02-11 16:15:17,122.7
454,2022-02-11 16:14:15,129.4
455,2022-02-11 16:13:14,129.0
456,2022-02-11 16:12:12,124.3
457,2022-02-11 16:11:11,119.4
458,2022-02-11 16:10:10,130.4
459,2022-02-11 16:09:08,117.2
460,2022-02-11 16:08:07,137.8
461,2022-02-11 16:07:05,142.9
462,2022-02-11 16:06:04,126.3
463,2022-02-11 16:05:02,129.1
464,2022-02-11 16:04:01,134.6
465,2022-02-11 16:03:00,131.8
466,2022-02-11 16:01:58,124.9
467,2022-02-11 16:00:57,129.0
468,2022-02-11 15:59:55,129.3
469,2022-02-11 15:58:54,130.5
470,2022-02-11 15:57:53,117.7
471,2022-02-11 15:56:51,113.9
472,2022-02-11 15:55:50,111.8
473,2022-02-11 15:54:48,109.2
474,2022-02-11 15:53:47,118.9
475,2022-02-11 15:52:45,134.6
476,2022-02-11 15:51:44,131.9
477,2022-02-11 15:50:43,129.4
478,2022-02-11 15:49:41,117.1
479,2022-02-11 15:48:37,113.5
480,2022-02-11 15:47:36,119.9
481,2022-02-11 15:46:34,126.2
482,2022-02-11 15:45:33,118.8
483,2022-02-11 15:44:32,122.9
484,2022-02-11 15:43:30,124.9
485,2022-02-11 15:42:29,127.2
486,2022-02-11 15:41:27,111.9
487,2022-02-11 15:40:26,110.4
488,2022-02-11 15:39:25,118.3
489,2022-02-11 15:38:23,107.9
490,2022-02-11 15:37:22,107.5
491,2022-02-11 15:36:20,115.3
492,2022-02-11 15:35:19,115.4
493,2022-02-11 15:34:17,121.2
494,2022-02-11 15:33:16,117.1
495,2022-02-11 15:32:15,105.1
496,2022-02-11 15:31:13,106.8
497,2022-02-11 15:30:12,116.0
498,2022-02-11 15:29:08,114.8
499,2022-02-11 15:28:06,107.9
500,2022-02-11 15:27:05,106.8
501,2022-02-11 15:26:04,111.0
502,2022-02-11 15:25:02,111.1
503,2022-02-11 15:24:01,102.8
504,2022-02-11 15:22:59,115.2
505,2022-02-11 15:21:58,102.6
506,2022-02-11 15:20:57,118.2
507,2022-02-11 15:19:55,110.3
508,2022-02-11 15:18:54,108.7
509,2022-02-11 15:17:52,116.3
510,2022-02-11 15:16:51,108.2
511,2022-02-11 15:15:50,122.5
512,2022-02-11 15:14:48,114.0
513,2022-02-11 15:13:47,111.2
514,2022-02-11 15:12:45,125.5
515,2022-02-11 15:11:44,126.3
516,2022-02-11 15:10:42,121.3
517,2022-02-11 15:09:41,127.8
518,2022-02-11 15:08:40,128.0
519,2022-02-11 15:07:38,119.6
520,2022-02-11 15:06:37,125.3
521,2022-02-11 15:05:35,137.6
522,2022-02-11 15:04:34,116.4
523,2022-02-11 15:03:33,119.9
524,2022-02-11 15:02:31,115.5
525,2022-02-11 15:01:30,106.6
526,2022-02-11 15:00:28,116.0
527,2022-02-11 14:59:27,125.4
528,2022-02-11 14:58:25,113.7
529,2022-02-11 14:57:24,106.7
530,2022-02-11 14:56:23,107.5
531,2022-02-11 14:55:21,112.3
532,2022-02-11 14:54:20,112.2
533,2022-02-11 14:53:18,114.3
534,2022-02-11 14:52:17,119.4
535,2022-02-11 14:51:16,122.9
536,2022-02-11 14:50:14,111.6
537,2022-02-11 14:49:13,115.9
538,2022-02-11 14:48:11,106.9
539,2022-02-11 14:47:10,113.8
540,2022-02-11 14:46:08,135.1
541,2022-02-11 14:45:07,116.3
542,2022-02-11 14:44:06,111.3
543,2022-02-11 14:43:04,106.9
544,2022-02-11 14:42:03,115.3
545,2022-02-11 14:41:01,105.5
546,2022-02-11 14:40:00,105.6
547,2022-02-11 14:38:59,123.3
548,2022-02-11 14:37:57,115.4
549,2022-02-11 14:36:56,104.2
550,2022-02-11 14:35:54,124.0
551,2022-02-11 14:34:53,106.0
552,2022-02-11 14:33:52,109.2
553,2022-02-11 14:32:50,110.9
554,2022-02-11 14:31:49,114.2
555,2022-02-11 14:30:47,119.9
556,2022-02-11 14:29:46,112.0
557,2022-02-11 14:28:44,119.8
558,2022-02-11 14:27:43,112.7
559,2022-02-11 14:26:42,113.0
560,2022-02-11 14:25:40,121.2
561,2022-02-11 14:24:39,129.6
562,2022-02-11 14:23:37,120.5
563,2022-02-11 14:22:36,132.3
564,2022-02-11 14:21:35,131.4
565,2022-02-11 14:20:33,131.5
566,2022-02-11 14:19:32,135.5
567,2022-02-11 14:18:30,131.1
568,2022-02-11 14:17:29,122.3
569,2022-02-11 14:16:27,124.9
570,2022-02-11 14:15:26,125.2
571,2022-02-11 14:14:25,115.4
572,2022-02-11 14:13:23,114.3
573,2022-02-11 14:12:14,143.0
574,2022-02-11 14:11:13,118.4
575,2022-02-11 14:10:11,120.6
576,2022-02-11 14:09:10,115.1
577,2022-02-11 14:08:09,115.7
578,2022-02-11 14:07:07,124.8
579,2022-02-11 14:06:06,118.8
580,2022-02-11 14:05:04,120.8
581,2022-02-11 14:04:03,117.8
582,2022-02-11 14:03:02,115.8
583,2022-02-11 14:02:00,123.8
584,2022-02-11 14:00:59,124.2
585,2022-02-11 13:59:57,131.4
586,2022-02-11 13:58:56,129.0
587,2022-02-11 13:57:54,127.5
588,2022-02-11 13:56:53,121.6
589,2022-02-11 13:55:52,128.3
590,2022-02-11 13:54:50,130.0
591,2022-02-11 13:53:49,128.0
592,2022-02-11 13:52:47,117.7
593,2022-02-11 13:51:46,128.9
594,2022-02-11 13:50:45,115.6
595,2022-02-11 13:49:43,119.3
596,2022-02-11 13:48:42,120.5
597,2022-02-11 13:47:40,116.2
598,2022-02-11 13:46:39,113.1
599,2022-02-11 13:45:37,121.5
600,2022-02-11 13:44:36,131.6
601,2022-02-11 13:43:35,115.9
602,2022-02-11 13:42:33,129.6
603,2022-02-11 13:41:32,128.5
604,2022-02-11 13:40:30,124.0
605,2022-02-11 13:39:29,117.2
606,2022-02-11 13:38:28,135.4
607,2022-02-11 13:37:26,126.5
608,2022-02-11 13:36:25,120.5
609,2022-02-11 13:35:23,139.9
610,2022-02-11 13:34:22,138.3
611,2022-02-11 13:33:21,127.2
612,2022-02-11 13:32:19,129.0
613,2022-02-11 13:31:18,129.4
614,2022-02-11 13:30:16,120.5
615,2022-02-11 13:29:15,118.9
616,2022-02-11 13:28:13,133.4
617,2022-02-11 13:27:12,119.4
618,2022-02-11 13:26:11,129.1
619,2022-02-11 13:25:09,126.5
620,2022-02-11 13:24:08,126.1
621,2022-02-11 13:23:06,122.8
622,2022-02-11 13:22:05,123.3
623,2022-02-11 13:21:04,128.3
624,2022-02-11 13:20:02,120.5
625,2022-02-11 13:19:01,118.9
626,2022-02-11 13:17:59,136.0
627,2022-02-11 13:16:58,136.6
628,2022-02-11 13:15:56,128.6
629,2022-02-11 13:14:55,123.8
630,2022-02-11 13:13:54,125.4
631,2022-02-11 13:12:52,120.7
632,2022-02-11 13:11:51,133.4
633,2022-02-11 13:10:49,130.0
634,2022-02-11 13:09:48,122.4
635,2022-02-11 13:08:47,123.0
636,2022-02-11 13:07:45,130.3
637,2022-02-11 13:06:44,128.4
638,2022-02-11 13:05:42,117.7
639,2022-02-11 13:04:41,119.7
640,2022-02-11 13:03:39,129.3
641,2022-02-11 13:02:38,127.5
642,2022-02-11 13:01:37,137.4
643,2022-02-11 13:00:35,122.7
644,2022-02-11 12:59:34,120.6
645,2022-02-11 12:58:30,119.6
646,2022-02-11 12:57:28,130.3
647,2022-02-11 12:56:27,122.0
648,2022-02-11 12:55:26,141.9
649,2022-02-11 12:54:24,148.7
650,2022-02-11 12:53:23,144.6
651,2022-02-11 12:52:21,143.9
652,2022-02-11 12:51:20,145.6
653,2022-02-11 12:50:19,141.4
654,2022-02-11 12:49:17,142.9
655,2022-02-11 12:48:16,142.2
656,2022-02-11 12:47:14,157.7
657,2022-02-11 12:46:13,140.2
658,2022-02-11 12:45:11,134.4
659,2022-02-11 12:44:10,146.2
660,2022-02-11 12:43:09,139.0
661,2022-02-11 12:42:07,132.9
662,2022-02-11 12:41:06,143.5
663,2022-02-11 12:40:04,142.5
664,2022-02-11 12:39:03,134.0
665,2022-02-11 12:38:02,142.4
666,2022-02-11 12:37:00,163.3
667,2022-02-11 12:35:59,162.0
668,2022-02-11 12:34:57,167.8
669,2022-02-11 12:33:56,164.7
670,2022-02-11 12:32:55,159.4
671,2022-02-11 12:31:53,166.7
672,2022-02-11 12:30:52,160.1
673,2022-02-11 12:29:50,161.6
674,2022-02-11 12:28:46,157.5
675,2022-02-11 12:27:45,161.1
676,2022-02-11 12:26:44,144.5
677,2022-02-11 12:25:42,151.9
678,2022-02-11 12:24:41,146.4
679,2022-02-11 12:23:39,163.1
680,2022-02-11 12:22:38,151.4
681,2022-02-11 12:21:36,158.8
682,2022-02-11 12:20:35,156.6
683,2022-02-11 12:19:34,140.2
684,2022-02-11 12:18:32,156.6
685,2022-02-11 12:17:31,157.7
686,2022-02-11 12:16:29,145.7
687,2022-02-11 12:15:28,152.8
688,2022-02-11 12:14:27,142.3
689,2022-02-11 12:13:25,147.7
690,2022-02-11 12:12:24,144.9
691,2022-02-11 12:11:22,149.5
692,2022-02-11 12:10:21,163.6
693,2022-02-11 12:09:19,158.6
694,2022-02-11 12:08:18,157.9
695,2022-02-11 12:07:17,173.7
696,2022-02-11 12:06:15,157.2
697,2022-02-11 12:05:14,141.3
698,2022-02-11 12:04:12,149.1
699,2022-02-11 12:03:11,150.3
700,2022-02-11 12:02:10,139.4
701,2022-02-11 12:01:08,143.2
702,2022-02-11 12:00:07,149.9
703,2022-02-11 11:59:05,143.7
704,2022-02-11 11:58:04,145.1
705,2022-02-11 11:57:02,151.5
706,2022-02-11 11:56:01,149.5
707,2022-02-11 11:55:00,144.4
708,2022-02-11 11:53:58,156.5
709,2022-02-11 11:52:57,152.4
710,2022-02-11 11:51:55,159.3
711,2022-02-11 11:50:54,154.1
712,2022-02-11 11:49:53,156.9
713,2022-02-11 11:48:51,157.7
714,2022-02-11 11:47:50,151.8
715,2022-02-11 11:46:48,158.8
716,2022-02-11 11:45:47,140.5
717,2022-02-11 11:44:45,139.8
718,2022-02-11 11:43:44,133.8
719,2022-02-11 11:42:43,140.4
720,2022-02-11 11:41:41,146.3
721,2022-02-11 11:40:40,147.3
722,2022-02-11 11:39:38,147.0
723,2022-02-11 11:38:37,130.2
724,2022-02-11 11:37:36,156.5
725,2022-02-11 11:36:34,147.5
726,2022-02-11 11:35:33,139.5
727,2022-02-11 11:34:31,136.1
728,2022-02-11 11:33:30,144.3
729,2022-02-11 11:32:29,133.2
730,2022-02-11 11:31:27,138.4
731,2022-02-11 11:30:26,148.9
732,2022-02-11 11:29:24,147.0
733,2022-02-11 11:28:23,118.7
734,2022-02-11 11:27:21,123.3
735,2022-02-11 11:26:20,143.4
736,2022-02-11 11:25:19,137.4
737,2022-02-11 11:24:17,143.7
738,2022-02-11 11:23:16,142.1
739,2022-02-11 11:22:14,144.0
740,2022-02-11 11:21:13,130.9
741,2022-02-11 11:20:12,122.2
742,2022-02-11 11:19:10,120.8
743,2022-02-11 11:18:09,123.8
744,2022-02-11 11:17:07,116.1
745,2022-02-11 11:16:06,127.4
746,2022-02-11 11:15:04,111.5
747,2022-02-11 11:14:03,122.6
748,2022-02-11 11:13:02,131.2
749,2022-02-11 11:12:00,124.1
750,2022-02-11 11:10:59,132.9
751,2022-02-11 11:09:57,150.0
752,2022-02-11 11:08:56,131.4
753,2022-02-11 11:07:55,125.5
754,2022-02-11 11:06:53,128.6
755,2022-02-11 11:05:52,143.8
756,2022-02-11 11:04:50,127.0
757,2022-02-11 11:03:49,121.4
758,2022-02-11 11:02:47,141.1
759,2022-02-11 11:01:46,135.1
760,2022-02-11 11:00:45,129.8
761,2022-02-11 10:59:43,128.9
762,2022-02-11 10:58:42,139.1
763,2022-02-11 10:57:40,124.3
764,2022-02-11 10:56:39,126.3
765,2022-02-11 10:55:38,128.1
766,2022-02-11 10:54:36,126.3
767,2022-02-11 10:53:35,127.0
768,2022-02-11 10:52:33,143.6
769,2022-02-11 10:51:32,131.6
770,2022-02-11 10:50:30,126.6
771,2022-02-11 10:49:29,127.7
772,2022-02-11 10:48:28,130.9
773,2022-02-11 10:47:26,128.8
774,2022-02-11 10:46:25,128.3
775,2022-02-11 10:45:23,148.6
776,2022-02-11 10:44:22,137.9
777,2022-02-11 10:43:21,135.5
778,2022-02-11 10:42:19,140.6
779,2022-02-11 10:41:18,136.2
780,2022-02-11 10:40:16,136.0
781,2022-02-11 10:39:15,139.6
782,2022-02-11 10:38:13,136.9
783,2022-02-11 10:37:12,153.3
784,2022-02-11 10:36:11,134.2
785,2022-02-11 10:35:09,152.6
786,2022-02-11 10:34:08,141.0
787,2022-02-11 10:33:06,142.0
788,2022-02-11 10:32:05,146.6
789,2022-02-11 10:31:04,139.1
790,2022-02-11 10:30:02,138.8
791,2022-02-11 10:29:01,146.3
792,2022-02-11 10:27:59,149.4
793,2022-02-11 10:26:58,145.5
794,2022-02-11 10:25:56,143.1
795,2022-02-11 10:24:55,151.7
796,2022-02-11 10:23:54,141.4
797,2022-02-11 10:22:52,131.4
798,2022-02-11 10:21:51,149.3
799,2022-02-11 10:20:49,140.2
800,2022-02-11 10:19:48,141.7
801,2022-02-11 10:18:47,146.3
802,2022-02-11 10:17:45,143.4
803,2022-02-11 10:16:44,140.7
804,2022-02-11 10:15:42,130.4
805,2022-02-11 10:14:41,148.5
806,2022-02-11 10:13:40,135.6
807,2022-02-11 10:12:38,148.7
808,2022-02-11 10:11:37,144.1
809,2022-02-11 10:10:35,146.6
810,2022-02-11 10:09:34,142.7
811,2022-02-11 10:08:32,136.4
812,2022-02-11 10:07:31,135.8
813,2022-02-11 10:06:30,138.6
814,2022-02-11 10:05:28,140.0
815,2022-02-11 10:04:27,143.7
816,2022-02-11 10:03:25,143.3
817,2022-02-11 10:02:24,147.5
818,2022-02-11 10:01:23,143.1
819,2022-02-11 10:00:21,133.3
820,2022-02-11 09:59:20,148.2
821,2022-02-11 09:58:18,148.3
822,2022-02-11 09:57:17,153.1
823,2022-02-11 09:56:15,143.2
824,2022-02-11 09:55:14,142.2
825,2022-02-11 09:54:13,151.8
826,2022-02-11 09:53:11,147.8
827,2022-02-11 09:52:10,144.7
828,2022-02-11 09:51:08,152.5
829,2022-02-11 09:50:07,151.5
830,2022-02-11 09:49:06,146.5
831,2022-02-11 09:48:04,158.9
832,2022-02-11 09:47:03,157.9
833,2022-02-11 09:46:01,166.8
834,2022-02-11 09:45:00,155.4
835,2022-02-11 09:43:58,163.1
836,2022-02-11 09:42:57,154.9
837,2022-02-11 09:41:56,168.0
838,2022-02-11 09:40:54,160.3
839,2022-02-11 09:39:53,137.7
840,2022-02-11 09:38:51,139.2
841,2022-02-11 09:37:50,145.4
842,2022-02-11 09:36:49,142.7
843,2022-02-11 09:35:47,137.9
844,2022-02-11 09:34:46,154.7
845,2022-02-11 09:33:44,145.6
846,2022-02-11 09:32:43,153.6
847,2022-02-11 09:31:41,152.1
848,2022-02-11 09:30:40,156.3
849,2022-02-11 09:29:39,146.1
850,2022-02-11 09:28:37,150.0
851,2022-02-11 09:27:36,152.5
852,2022-02-11 09:26:34,143.8
853,2022-02-11 09:25:33,155.6
854,2022-02-11 09:24:32,164.7
855,2022-02-11 09:23:30,143.1
856,2022-02-11 09:22:29,138.1
857,2022-02-11 09:21:27,138.2
858,2022-02-11 09:20:26,157.8
859,2022-02-11 09:19:24,151.2
860,2022-02-11 09:18:23,148.7
861,2022-02-11 09:17:22,152.0
862,2022-02-11 09:16:20,140.4
863,2022-02-11 09:15:19,152.4
864,2022-02-11 09:14:17,158.6
865,2022-02-11 09:13:16,144.2
866,2022-02-11 09:12:15,140.5
867,2022-02-11 09:11:13,131.4
868,2022-02-11 09:10:12,144.3
869,2022-02-11 09:09:10,136.0
870,2022-02-11 09:08:09,131.4
871,2022-02-11 09:07:07,144.1
872,2022-02-11 09:06:06,132.4
873,2022-02-11 09:05:05,136.5
874,2022-02-11 09:04:03,141.9
875,2022-02-11 09:03:02,139.5
876,2022-02-11 09:02:00,137.5
877,2022-02-11 09:00:59,147.4
878,2022-02-11 08:59:58,131.1
879,2022-02-11 08:58:56,135.2
880,2022-02-11 08:57:55,128.7
881,2022-02-11 08:56:53,142.7
882,2022-02-11 08:55:52,136.1
883,2022-02-11 08:54:51,144.0
884,2022-02-11 08:53:49,137.7
885,2022-02-11 08:52:48,130.2
886,2022-02-11 08:51:46,131.4
887,2022-02-11 08:50:45,133.0
888,2022-02-11 08:49:43,137.5
889,2022-02-11 08:48:42,133.6
890,2022-02-11 08:47:41,140.0
891,2022-02-11 08:46:39,143.7
892,2022-02-11 08:45:38,140.6
893,2022-02-11 08:44:36,147.4
894,2022-02-11 08:43:35,157.0
895,2022-02-11 08:42:34,146.7
896,2022-02-11 08:41:32,147.0
897,2022-02-11 08:40:31,153.9
898,2022-02-11 08:39:29,148.6
899,2022-02-11 08:38:28,139.1
900,2022-02-11 08:37:26,157.9
901,2022-02-11 08:36:25,154.3
902,2022-02-11 08:35:24,155.7
903,2022-02-11 08:34:22,149.8
904,2022-02-11 08:33:21,156.1
905,2022-02-11 08:32:19,144.0
906,2022-02-11 08:31:18,141.8
907,2022-02-11 08:30:17,147.4
908,2022-02-11 08:29:15,141.4
909,2022-02-11 08:28:14,142.2
910,2022-02-11 08:27:12,154.2
911,2022-02-11 08:26:11,151.4
912,2022-02-11 08:25:09,152.2
913,2022-02-11 08:24:08,143.2
914,2022-02-11 08:23:07,150.6
915,2022-02-11 08:22:05,153.0
916,2022-02-11 08:21:04,152.5
917,2022-02-11 08:20:02,143.8
918,2022-02-11 08:19:01,133.3
919,2022-02-11 08:18:00,141.5
920,2022-02-11 08:16:58,145.4
921,2022-02-11 08:15:57,129.4
922,2022-02-11 08:14:55,143.4
923,2022-02-11 08:13:54,138.8
924,2022-02-11 08:12:52,123.6
925,2022-02-11 08:11:51,153.9
926,2022-02-11 08:10:50,126.3
927,2022-02-11 08:09:48,133.9
928,2022-02-11 08:08:47,127.7
929,2022-02-11 08:07:45,147.6
930,2022-02-11 08:06:44,151.8
931,2022-02-11 08:05:43,135.0
932,2022-02-11 08:04:41,125.8
933,2022-02-11 08:03:40,133.3
934,2022-02-11 08:02:38,127.6
935,2022-02-11 08:01:37,126.3
936,2022-02-11 08:00:36,118.2
937,2022-02-11 07:59:34,120.7
938,2022-02-11 07:58:33,123.6
939,2022-02-11 07:57:31,130.1
940,2022-02-11 07:56:30,125.8
941,2022-02-11 07:55:28,116.9
942,2022-02-11 07:54:27,124.4
943,2022-02-11 07:53:26,132.3
944,2022-02-11 07:52:24,111.5
945,2022-02-11 07:51:23,121.3
946,2022-02-11 07:50:21,127.7
947,2022-02-11 07:49:20,117.9
948,2022-02-11 07:48:19,117.2
949,2022-02-11 07:47:17,126.3
950,2022-02-11 07:46:16,125.0
951,2022-02-11 07:45:14,125.4
952,2022-02-11 07:44:13,130.4
953,2022-02-11 07:43:11,123.4
954,2022-02-11 07:42:10,112.4
955,2022-02-11 07:41:09,118.2
956,2022-02-11 07:40:07,126.7
957,2022-02-11 07:39:06,134.8
958,2022-02-11 07:38:04,125.6
959,2022-02-11 07:37:03,132.7
960,2022-02-11 07:36:02,138.0
961,2022-02-11 07:35:00,124.3
962,2022-02-11 07:33:59,144.7
963,2022-02-11 07:32:57,122.7
964,2022-02-11 07:31:56,127.5
965,2022-02-11 07:30:54,120.4
966,2022-02-11 07:29:53,124.2
967,2022-02-11 07:28:49,124.2
968,2022-02-11 07:27:48,113.7
969,2022-02-11 07:26:46,128.7
970,2022-02-11 07:25:45,121.8
971,2022-02-11 07:24:43,123.9
972,2022-02-11 07:23:42,123.0
973,2022-02-11 07:22:41,121.6
974,2022-02-11 07:21:39,113.2
975,2022-02-11 07:20:38,121.7
976,2022-02-11 07:19:36,127.5
977,2022-02-11 07:18:35,114.0
978,2022-02-11 07:17:34,127.0
979,2022-02-11 07:16:32,124.9
980,2022-02-11 07:15:31,119.2
981,2022-02-11 07:14:29,119.1
982,2022-02-11 07:13:28,125.5
983,2022-02-11 07:12:26,131.7
984,2022-02-11 07:11:25,120.6
985,2022-02-11 07:10:24,132.9
986,2022-02-11 07:09:22,130.4
987,2022-02-11 07:08:21,124.6
988,2022-02-11 07:07:19,131.8
989,2022-02-11 07:06:18,128.0
990,2022-02-11 07:05:17,125.9
991,2022-02-11 07:04:15,134.6
992,2022-02-11 07:03:14,118.3
993,2022-02-11 07:02:12,123.9
994,2022-02-11 07:01:11,147.6
995,2022-02-11 07:00:09,130.1
996,2022-02-11 06:59:06,116.6
997,2022-02-11 06:58:04,118.8
998,2022-02-11 06:57:03,107.0
999,2022-02-11 06:56:01,113.7
1000,2022-02-11 06:55:00,113.7
1001,2022-02-11 06:53:58,94.3
1002,2022-02-11 06:52:57,100.2
1003,2022-02-11 06:51:56,89.0
1004,2022-02-11 06:50:54,91.6
1005,2022-02-11 06:49:53,116.6
1006,2022-02-11 06:48:51,130.7
1007,2022-02-11 06:47:50,133.9
1008,2022-02-11 06:46:49,124.2
1009,2022-02-11 06:45:47,151.0
1010,2022-02-11 06:44:46,151.3
1011,2022-02-11 06:43:44,159.6
1012,2022-02-11 06:42:43,151.1
1013,2022-02-11 06:41:41,144.1
1014,2022-02-11 06:40:40,150.4
1015,2022-02-11 06:39:39,148.1
1016,2022-02-11 06:38:37,146.5
1017,2022-02-11 06:37:36,146.1
1018,2022-02-11 06:36:34,152.6
1019,2022-02-11 06:35:33,146.8
1020,2022-02-11 06:34:32,149.9
1021,2022-02-11 06:33:30,148.3
1022,2022-02-11 06:32:29,148.2
1023,2022-02-11 06:31:27,150.2
1024,2022-02-11 06:30:26,150.9
1025,2022-02-11 06:29:22,79.7
1026,2022-02-11 06:28:21,75.4
1027,2022-02-11 06:27:19,14.0
1028,2022-02-11 06:26:18,13.3
1029,2022-02-11 06:25:16,12.9
1030,2022-02-11 06:24:15,12.8
1031,2022-02-11 06:23:13,13.0
1032,2022-02-11 06:22:12,13.2
1033,2022-02-11 06:21:11,13.2
1034,2022-02-11 06:20:09,11.7
1035,2022-02-11 06:19:05,8.6
1036,2022-02-11 06:18:04,8.6
1037,2022-02-11 06:17:03,8.9
1038,2022-02-11 06:16:01,9.7
1039,2022-02-11 06:15:00,9.8
1040,2022-02-11 06:13:58,4.2
1041,2022-02-11 06:12:57,4.4
1042,2022-02-11 06:11:55,4.5
1043,2022-02-11 06:10:54,8.9
1044,2022-02-11 06:09:53,8.2
1045,2022-02-11 06:08:51,6.2
1046,2022-02-11 06:07:50,5.7
1047,2022-02-11 06:06:48,5.8
1048,2022-02-11 06:05:47,5.6
1049,2022-02-11 06:04:46,5.5
1050,2022-02-11 06:03:44,5.4
1051,2022-02-11 06:02:43,6.2
1052,2022-02-11 06:01:41,7.0
1053,2022-02-11 06:00:40,4.6
1054,2022-02-11 05:59:38,6.1
1055,2022-02-11 05:58:37,6.0
1056,2022-02-11 05:57:36,7.3
1057,2022-02-11 05:56:34,7.4
1058,2022-02-11 05:55:33,7.3
1059,2022-02-11 05:54:31,7.0
1060,2022-02-11 05:53:30,7.0
1061,2022-02-11 05:52:29,7.4
1062,2022-02-11 05:51:27,7.5
1063,2022-02-11 05:50:26,7.4
1064,2022-02-11 05:49:24,7.0
1065,2022-02-11 05:48:23,7.1
1066,2022-02-11 05:47:21,7.0
1067,2022-02-11 05:46:20,7.2
1068,2022-02-11 05:45:19,7.9
1069,2022-02-11 05:44:17,7.8
1070,2022-02-11 05:43:16,6.7
1071,2022-02-11 05:42:14,6.2
1072,2022-02-11 05:41:13,6.0
1073,2022-02-11 05:40:12,7.1
1074,2022-02-11 05:39:10,7.0
1075,2022-02-11 05:38:09,9.2
1076,2022-02-11 05:37:07,9.3
1077,2022-02-11 05:36:06,7.2
1078,2022-02-11 05:35:04,5.8
1079,2022-02-11 05:34:03,6.2
1080,2022-02-11 05:33:02,6.3
1081,2022-02-11 05:32:00,6.3
1082,2022-02-11 05:30:59,6.3
1083,2022-02-11 05:29:57,6.0
1084,2022-02-11 05:28:56,6.0
1085,2022-02-11 05:27:55,6.9
1086,2022-02-11 05:26:53,7.7
1087,2022-02-11 05:25:52,5.1
1088,2022-02-11 05:24:50,5.1
1089,2022-02-11 05:23:49,5.5
1090,2022-02-11 05:22:48,6.8
1091,2022-02-11 05:21:46,7.0
1092,2022-02-11 05:20:45,6.3
1093,2022-02-11 05:19:43,6.1
1094,2022-02-11 05:18:42,6.3
1095,2022-02-11 05:17:40,6.7
1096,2022-02-11 05:16:39,9.4
1097,2022-02-11 05:15:38,9.3
1098,2022-02-11 05:14:36,9.2
1099,2022-02-11 05:13:35,9.2
1100,2022-02-11 05:12:33,9.1
1101,2022-02-11 05:11:32,9.2
1102,2022-02-11 05:10:31,13.2
1103,2022-02-11 05:09:29,13.6
1104,2022-02-11 05:08:28,11.8
1105,2022-02-11 05:07:26,11.8
1106,2022-02-11 05:06:25,11.7
1107,2022-02-11 05:05:23,12.8
1108,2022-02-11 05:04:22,12.9
1109,2022-02-11 05:03:21,12.8
1110,2022-02-11 05:02:19,11.7
1111,2022-02-11 05:01:18,9.0
1112,2022-02-11 05:00:16,7.6
1113,2022-02-11 04:59:15,7.6
1114,2022-02-11 04:58:14,7.7
1115,2022-02-11 04:57:12,7.5
1116,2022-02-11 04:56:11,8.0
1117,2022-02-11 04:55:09,5.4
1118,2022-02-11 04:54:08,5.4
1119,2022-02-11 04:53:06,5.5
1120,2022-02-11 04:52:05,6.8
1121,2022-02-11 04:51:04,6.7
1122,2022-02-11 04:50:02,6.7
1123,2022-02-11 04:49:01,6.7
1124,2022-02-11 04:47:59,6.6
1125,2022-02-11 04:46:58,6.6
1126,2022-02-11 04:45:57,6.5
1127,2022-02-11 04:44:55,6.6
1128,2022-02-11 04:43:54,7.3
1129,2022-02-11 04:42:52,7.1
1130,2022-02-11 04:41:51,5.4
1131,2022-02-11 04:40:49,5.4
1132,2022-02-11 04:39:48,5.4
1133,2022-02-11 04:38:47,6.7
1134,2022-02-11 04:37:45,7.3
1135,2022-02-11 04:36:44,7.2
1136,2022-02-11 04:35:42,6.6
1137,2022-02-11 04:34:41,6.5
1138,2022-02-11 04:33:40,6.6
1139,2022-02-11 04:32:38,6.7
1140,2022-02-11 04:31:37,6.6
1141,2022-02-11 04:30:35,6.6
1142,2022-02-11 04:29:34,6.6
1143,2022-02-11 04:28:33,6.4
1144,2022-02-11 04:27:31,6.7
1145,2022-02-11 04:26:30,6.8
1146,2022-02-11 04:25:28,7.5
1147,2022-02-11 04:24:27,6.8
1148,2022-02-11 04:23:25,5.6
1149,2022-02-11 04:22:24,5.6
1150,2022-02-11 04:21:23,7.0
1151,2022-02-11 04:20:21,8.8
1152,2022-02-11 04:19:20,8.1
1153,2022-02-11 04:18:18,8.1
1154,2022-02-11 04:17:17,7.8
1155,2022-02-11 04:16:16,7.9
1156,2022-02-11 04:15:14,7.2
1157,2022-02-11 04:14:13,7.2
1158,2022-02-11 04:13:11,6.2
1159,2022-02-11 04:12:10,5.3
1160,2022-02-11 04:11:08,5.4
1161,2022-02-11 04:10:07,6.5
1162,2022-02-11 04:09:06,6.7
1163,2022-02-11 04:08:04,6.7
1164,2022-02-11 04:07:03,6.6
1165,2022-02-11 04:06:01,6.5
1166,2022-02-11 04:05:00,6.7
1167,2022-02-11 04:03:59,6.8
1168,2022-02-11 04:02:57,6.8
1169,2022-02-11 04:01:56,6.7
1170,2022-02-11 04:00:54,6.6
1171,2022-02-11 03:59:53,6.5
1172,2022-02-11 03:58:51,6.7
1173,2022-02-11 03:57:50,6.7
1174,2022-02-11 03:56:49,6.7
1175,2022-02-11 03:55:47,7.2
1176,2022-02-11 03:54:46,7.1
1177,2022-02-11 03:53:44,6.6
1178,2022-02-11 03:52:43,6.8
1179,2022-02-11 03:51:42,7.4
1180,2022-02-11 03:50:40,8.0
1181,2022-02-11 03:49:39,5.6
1182,2022-02-11 03:48:37,5.6
1183,2022-02-11 03:47:36,5.6
1184,2022-02-11 03:46:34,7.4
1185,2022-02-11 03:45:33,7.5
1186,2022-02-11 03:44:32,6.7
1187,2022-02-11 03:43:30,6.6
1188,2022-02-11 03:42:29,6.5
1189,2022-02-11 03:41:27,6.6
1190,2022-02-11 03:40:26,7.3
1191,2022-02-11 03:39:25,7.7
1192,2022-02-11 03:38:23,5.5
1193,2022-02-11 03:37:22,5.4
1194,2022-02-11 03:36:20,5.5
1195,2022-02-11 03:35:19,6.5
1196,2022-02-11 03:34:17,6.8
1197,2022-02-11 03:33:16,6.7
1198,2022-02-11 03:32:15,6.6
1199,2022-02-11 03:31:13,6.4
1200,2022-02-11 03:30:12,6.6
1201,2022-02-11 03:29:10,6.7
1202,2022-02-11 03:28:09,6.8
1203,2022-02-11 03:27:08,6.7
1204,2022-02-11 03:26:06,6.8
1205,2022-02-11 03:25:05,6.7
1206,2022-02-11 03:24:03,6.6
1207,2022-02-11 03:23:02,6.7
1208,2022-02-11 03:22:01,7.5
1209,2022-02-11 03:20:59,7.7
1210,2022-02-11 03:19:58,5.6
1211,2022-02-11 03:18:56,5.7
1212,2022-02-11 03:17:55,5.7
1213,2022-02-11 03:16:53,6.9
1214,2022-02-11 03:15:52,7.0
1215,2022-02-11 03:14:51,7.0
1216,2022-02-11 03:13:49,6.9
1217,2022-02-11 03:12:48,6.7
1218,2022-02-11 03:11:46,6.9
1219,2022-02-11 03:10:45,7.7
1220,2022-02-11 03:09:44,7.6
1221,2022-02-11 03:08:42,6.9
1222,2022-02-11 03:07:41,6.9
1223,2022-02-11 03:06:39,6.8
1224,2022-02-11 03:05:38,6.6
1225,2022-02-11 03:04:36,6.8
1226,2022-02-11 03:03:35,7.5
1227,2022-02-11 03:02:34,7.7
1228,2022-02-11 03:01:32,5.7
1229,2022-02-11 03:00:31,5.7
1230,2022-02-11 02:59:29,5.7
1231,2022-02-11 02:58:28,6.7
1232,2022-02-11 02:57:27,6.9
1233,2022-02-11 02:56:25,6.9
1234,2022-02-11 02:55:24,6.8
1235,2022-02-11 02:54:22,6.5
1236,2022-02-11 02:53:21,6.7
1237,2022-02-11 02:52:19,6.8
1238,2022-02-11 02:51:18,6.8
1239,2022-02-11 02:50:17,6.8
1240,2022-02-11 02:49:15,6.5
1241,2022-02-11 02:48:14,6.6
1242,2022-02-11 02:47:12,6.8
1243,2022-02-11 02:46:11,8.5
1244,2022-02-11 02:45:10,8.4
1245,2022-02-11 02:44:08,6.7
1246,2022-02-11 02:43:07,6.6
1247,2022-02-11 02:42:05,6.8
1248,2022-02-11 02:41:04,6.9
1249,2022-02-11 02:40:02,6.9
1250,2022-02-11 02:39:01,6.9
1251,2022-02-11 02:38:00,6.9
1252,2022-02-11 02:36:58,6.7
1253,2022-02-11 02:35:57,9.1
1254,2022-02-11 02:34:55,9.8
1255,2022-02-11 02:33:54,9.8
1256,2022-02-11 02:32:53,7.8
1257,2022-02-11 02:31:51,9.2
1258,2022-02-11 02:30:50,9.3
1259,2022-02-11 02:29:48,10.5
1260,2022-02-11 02:28:47,8.3
1261,2022-02-11 02:27:45,8.3
1262,2022-02-11 02:26:44,8.7
1263,2022-02-11 02:25:43,7.3
1264,2022-02-11 02:24:41,7.5
1265,2022-02-11 02:23:40,6.9
1266,2022-02-11 02:22:38,6.9
1267,2022-02-11 02:21:37,6.8
1268,2022-02-11 02:20:36,6.7
1269,2022-02-11 02:19:34,6.8
1270,2022-02-11 02:18:33,6.9
1271,2022-02-11 02:17:31,6.8
1272,2022-02-11 02:16:30,6.8
1273,2022-02-11 02:15:28,6.6
1274,2022-02-11 02:14:27,6.7
1275,2022-02-11 02:13:26,6.8
1276,2022-02-11 02:12:24,6.8
1277,2022-02-11 02:11:23,6.8
1278,2022-02-11 02:10:21,6.7
1279,2022-02-11 02:09:17,6.7
1280,2022-02-11 02:08:16,6.5
1281,2022-02-11 02:07:15,6.6
1282,2022-02-11 02:06:13,6.8
1283,2022-02-11 02:05:12,7.4
1284,2022-02-11 02:04:10,7.8
1285,2022-02-11 02:03:09,5.6
1286,2022-02-11 02:02:08,5.6
1287,2022-02-11 02:01:06,5.6
1288,2022-02-11 02:00:05,6.9
1289,2022-02-11 01:59:03,6.7
1290,2022-02-11 01:58:02,6.8
1291,2022-02-11 01:57:01,6.8
1292,2022-02-11 01:55:59,6.6
1293,2022-02-11 01:54:58,6.7
1294,2022-02-11 01:53:56,6.9
1295,2022-02-11 01:52:55,6.8
1296,2022-02-11 01:51:53,6.8
1297,2022-02-11 01:50:52,6.7
1298,2022-02-11 01:49:51,6.7
1299,2022-02-11 01:48:49,6.9
1300,2022-02-11 01:47:48,6.9
1301,2022-02-11 01:46:46,6.9
1302,2022-02-11 01:45:45,6.8
1303,2022-02-11 01:44:44,6.6
1304,2022-02-11 01:43:42,6.8
1305,2022-02-11 01:42:41,7.5
1306,2022-02-11 01:41:39,7.5
1307,2022-02-11 01:40:38,7.5
1308,2022-02-11 01:39:36,6.9
1309,2022-02-11 01:38:33,6.8
1310,2022-02-11 01:37:31,6.9
1311,2022-02-11 01:36:30,7.0
1312,2022-02-11 01:35:28,6.9
1313,2022-02-11 01:34:27,6.9
1314,2022-02-11 01:33:25,6.9
1315,2022-02-11 01:32:24,6.9
1316,2022-02-11 01:31:23,6.9
1317,2022-02-11 01:30:21,7.0
1318,2022-02-11 01:29:20,7.1
1319,2022-02-11 01:28:18,7.1
1320,2022-02-11 01:27:17,7.0
1321,2022-02-11 01:26:16,6.9
1322,2022-02-11 01:25:14,6.7
1323,2022-02-11 01:24:13,6.7
1324,2022-02-11 01:23:11,6.9
1325,2022-02-11 01:22:10,6.9
1326,2022-02-11 01:21:08,6.9
1327,2022-02-11 01:20:07,6.9
1328,2022-02-11 01:19:03,6.8
1329,2022-02-11 01:18:02,6.7
1330,2022-02-11 01:17:00,6.9
1331,2022-02-11 01:15:59,6.9
1332,2022-02-11 01:14:57,6.9
1333,2022-02-11 01:13:56,7.0
1334,2022-02-11 01:12:55,7.0
1335,2022-02-11 01:11:53,6.8
1336,2022-02-11 01:10:52,6.6
1337,2022-02-11 01:09:50,6.8
1338,2022-02-11 01:08:49,6.9
1339,2022-02-11 01:07:48,6.8
1340,2022-02-11 01:06:46,6.8
1341,2022-02-11 01:05:45,6.8
1342,2022-02-11 01:04:43,6.8
1343,2022-02-11 01:03:42,6.6
1344,2022-02-11 01:02:40,6.8
1345,2022-02-11 01:01:39,8.1
1346,2022-02-11 01:00:38,8.1
1347,2022-02-11 00:59:36,8.1
1348,2022-02-11 00:58:35,8.7
1349,2022-02-11 00:57:33,8.7
1350,2022-02-11 00:56:32,8.1
1351,2022-02-11 00:55:31,6.9
1352,2022-02-11 00:54:29,6.9
1353,2022-02-11 00:53:28,6.9
1354,2022-02-11 00:52:26,6.9
1355,2022-02-11 00:51:25,6.8
1356,2022-02-11 00:50:24,6.8
1357,2022-02-11 00:49:20,6.7
1358,2022-02-11 00:48:18,6.6
1359,2022-02-11 00:47:17,6.8
1360,2022-02-11 00:46:15,6.8
1361,2022-02-11 00:45:14,6.7
1362,2022-02-11 00:44:13,6.7
1363,2022-02-11 00:43:11,6.7
1364,2022-02-11 00:42:10,6.7
1365,2022-02-11 00:41:08,6.8
1366,2022-02-11 00:40:07,6.8
1367,2022-02-11 00:39:05,6.8
1368,2022-02-11 00:38:04,6.8
1369,2022-02-11 00:37:03,6.7
1370,2022-02-11 00:36:01,6.6
1371,2022-02-11 00:35:00,6.6
1372,2022-02-11 00:33:58,7.4
1373,2022-02-11 00:32:57,7.5
1374,2022-02-11 00:31:56,7.5
1375,2022-02-11 00:30:54,6.8
1376,2022-02-11 00:29:53,6.8
1377,2022-02-11 00:28:49,6.5
1378,2022-02-11 00:27:47,6.7
1379,2022-02-11 00:26:46,7.5
1380,2022-02-11 00:25:45,7.5
1381,2022-02-11 00:24:43,6.8
1382,2022-02-11 00:23:42,5.7
1383,2022-02-11 00:22:40,5.7
1384,2022-02-11 00:21:39,5.7
1385,2022-02-11 00:20:37,7.7
1386,2022-02-11 00:19:36,7.8
1387,2022-02-11 00:18:35,6.9
1388,2022-02-11 00:17:33,6.9
1389,2022-02-11 00:16:32,6.8
1390,2022-02-11 00:15:30,6.9
1391,2022-02-11 00:14:29,8.2
1392,2022-02-11 00:13:28,8.3
1393,2022-02-11 00:12:26,5.7
1394,2022-02-11 00:11:25,9.0
1395,2022-02-11 00:10:23,9.0
1396,2022-02-11 00:09:22,10.2
1397,2022-02-11 00:08:21,11.0
1398,2022-02-11 00:07:19,11.0
1399,2022-02-11 00:06:18,10.8
1400,2022-02-11 00:05:16,10.1
1401,2022-02-11 00:04:15,10.1
1402,2022-02-11 00:03:13,9.9
1403,2022-02-11 00:02:12,10.0
1404,2022-02-11 00:01:11,10.8
1405,2022-02-11 00:00:09,10.8
